8833
1075
4262
7442
8578
3258
4920
3127
635
608
6474
9773
5560
1604
5158
161
4538
123
3940
8235
3468
5890
2936
3462
7519
5868
3458
9465
1323
4568
2034
2139
7413
398
3288
3203
17
8272
3539
1548
3361
9766
7126
7296
3852
2687
1238
3107
2134
9836
685
6141
8837
8563
9005
3609
2754
1699
1412
1590
3171
7757
7055
3073
1454
5888
796
6982
5106
405
1282
1043
3535
9006
5942
1880
1179
7439
3046
5214
2312
5980
3560
1251
2807
325
8093
9911
291
4389
1950
1248
371
2613
1701
8078
7685
4987
3690
1710
9516
6933
5629
2985
4061
8533
6535
7999
1723
7119
734
644
6092
4806
2122
1469
941
8928
6313
8664
8564
1716
8000
4752
1757
13
506
6869
5532
1224
4767
9160
8774
7535
6330
5967
520
9850
7216
9497
5427
7920
6383
9466
9484
7874
8675
1557
4681
9487
8528
3853
7623
8977
1003
5811
5971
2706
5336
8160
7592
7761
7430
236
5367
8582
7639
4608
3239
5097
9420
1415
9693
9055
3958
1358
5002
2887
1930
589
2718
9296
4139
5829
9919
398
547
6837
2010
6822
3112
3201
4398
2244
4435
9801
4363
6853
3792
625
3930
3893
1059
1221
1555
954
5971
5963
9952
6386
9321
2733
2022
4443
9028
259
6773
3248
330
8976
6001
61
517
7541
5184
8232
5219
179
987
3037
9664
2017
5231
8225
324
9518
420
2112
1703
612
7541
1760
8838
2710
7405
2216
2458
6560
4836
1333
1179
5260
7307
2
8451
772
9546
2848
321
7355
5613
7788
8299
8328
915
652
9777
2016
9713
643
6903
2826
7327
3970
463
2707
5888
8031
8572
1869
7747
5926
426
286
5956
6821
7935
3446
6982
8335
4119
483
1955
9232
9650
2330
9720
2598
3375
6975
5526
1604
4999
9396
382
3933
499
1102
1386
3455
7092
8612
4087
8053
8164
843
2380
8018
5270
914
8004
1031
9326
9654
3204
8921
2682
3787
1043
4658
4472
4574
5277
5419
6187
6532
7551
5864
62
2737
6929
351
8389
5959
7180
9015
6230
961
1331
1405
4554
174
2450
1217
6873
4018
149
5081
4788
1539
4517
4150
6693
3957
3519
3909
3464
4272
5374
9246
1842
3476
4456
8559
4210
5172
6323
8789
4362
183
9857
8373
8536
1912
4703
7148
8679
4584
1405
6298
5379
4330
2216
5536
7044
5515
2838
9473
9737
3183
9344
7329
72
5238
5728
3825
4276
992
5076
9258
8090
8384
2742
1893
4422
7380
3894
9676
991
5784
7828
4030
6147
5857
8608
8301
1014
4278
5082
5709
9079
3612
6928
8302
8418
9494
4355
3252
6919
3615
4800
1379
3255
2282
8050
8543
9807
9672
6213
1423
6872
9909
9213
1753
4907
6786
9738
7080
7054
6170
3975
7460
8573
198
9333
6228
9906
8495
461
1677
2972
6724
9469
449
1209
6826
8331
2532
6896
9960
7721
4617
3997
4331
3894
3612
9569
4063
2811
308
6525
2293
3620
4001
4244
3077
9779
6327
6016
7072
8139
5523
9072
3036
5084
4236
5342
8437
6509
1471
405
9503
8645
6650
310
4840
5858
4936
683
3483
877
8752
4950
6151
3373
5488
1377
2320
7594
5626
111
143
9469
4800
2957
1502
9590
8901
7510
5504
962
8453
5117
5865
3227
3513
7625
2982
387
6232
1590
870
8277
949
2782
9449
3696
1853
8751
8920
5236
4866
1694
3929
9738
152
6218
4896
8574
6639
5662
8369
5188
8261
904
6739
8781
9784
8108
4791
4693
5984
5959
4341
5783
7829
2296
5450
6346
5524
1568
3498
3066
6436
6369
8038
3875
1992
512
1815
7888
40
8758
9174
2831
2985
6103
4880
8454
2296
192
4101
4866
1820
4558
618
7204
4775
4729
9971
2003
9553
7672
4997
7462
1588
592
9495
7735
8596
1494
956
9809
2817
6624
3182
6670
8392
4615
3120
8898
8967
117
4545
6976
9787
8530
6723
4017
2081
2176
1042
4425
7095
9996
5413
8487
7549
1427
1853
4384
3857
9401
636
609
5407
5510
1200
5901
1605
8813
7050
3429
5286
5639
8856
3487
3621
1133
4511
4823
7225
84
5186
5210
7801
1815
267
7425
5428
6935
8649
6942
4242
4049
3857
6273
3583
7408
8560
2381
3362
3940
3650
1801
9476
5190
5190
4191
8408
7452
4853
8665
8708
3541
1636
1371
570
9018
2416
6822
7000
9730
936
381
4962
6262
8379
4332
8986
1056
5268
7693
4544
3108
2420
1358
2933
384
3885
2675
3527
5875
9399
5006
8237
9169
6400
3447
7384
4513
7784
7052
7117
7206
2638
4827
8982
4116
6546
3298
7335
3233
3275
3882
8362
9388
4399
2327
4055
9308
9555
8281
1589
4123
412
6735
905
3393
392
8369
4295
3323
1333
2621
4070
6937
5950
7786
4941
6602
3530
6383
1584
1250
8375
2791
7096
1062
57
8534
7090
2015
8708
1584
4161
8074
9995
8699
4635
3075
3080
8125
4602
4730
5859
1341
2417
8300
7862
8230
3337
8207
9285
4339
6690
4585
7717
8694
9929
7449
1657
4372
2822
8319
4798
9593
5323
6967
7527
6185
5267
3644
7493
212
3850
5428
3630
4680
4601
1581
237
9651
1412
1652
4911
8878
4389
3231
1229
793
8590
9861
4016
3393
6287
1150
1025
5825
1654
766
4726
2160
9007
2893
8961
5116
2044
390
8073
9214
9998
593
1874
7290
7443
893
992
1639
581
3005
5780
96
9823
7308
9899
4955
2894
5559
1233
8889
664
4761
125
5490
5397
9857
5578
8027
4529
5908
5636
5895
9989
9198
7743
4583
5377
2307
3552
2404
8900
9942
9599
7413
3594
979
9782
1561
8942
1923
5026
3978
4597
8670
9453
6694
434
8264
8376
273
4052
1815
5905
5587
2953
5736
6279
9683
833
9692
6110
7402
5916
6065
6693
3604
4832
621
5724
1182
5875
6101
7835
984
1797
9713
4565
300
2523
6932
5758
4483
5990
2855
139
622
9200
2293
1878
4735
8386
1876
389
5616
7386
6778
3399
1233
7189
5940
7888
5908
9735
1068
8132
8171
4193
3345
9619
9657
2516
9976
7720
7935
1077
7752
6156
9149
5492
3363
699
305
6021
1645
709
1960
7867
4315
3054
9848
2916
9685
989
3000
6899
206
1163
4598
9413
2700
131
6802
7324
4374
1900
4349
2114
6659
2293
5908
3860
2788
6409
2365
3335
1130
7932
1794
5862
6081
5153
3542
9371
701
6455
4890
7207
9848
183
3331
2176
6284
5511
9895
6663
2412
3844
4750
4233
2693
490
2258
9213
8837
6400
8442
8433
6662
5828
8736
8895
2238
1863
9271
9905
6613
4965
245
2277
7833
7885
4778
6879
2192
5019
3889
5175
5010
2338
4534
2369
8911
1412
508
4869
3196
6658
6876
795
5605
7025
2890
9834
9277
1659
3247
8974
9575
6839
3139
6439
7110
6073
1397
8346
8943
8545
9274
7677
1382
9430
4532
4207
9113
1100
6508
1041
913
8073
6875
715
81
4945
2731
3070
1115
7819
6560
4186
3874
1241
2564
9375
6044
5745
6831
6323
1523
169
7697
5910
2511
5174
7981
1688
9187
4795
5522
5912
2312
9870
4465
6480
8420
8685
6607
4079
9834
944
5634
4635
5469
3711
1754
4760
1872
4967
905
9227
2374
6527
2335
190
2191
8757
2356
3187
918
2732
4682
3328
3252
4246
6313
1551
3520
6401
6415
6639
9527
5878
1843
7824
2173
9179
7251
3737
635
82
4928
33
7995
9901
571
2132
1514
6934
8807
3162
9038
9247
2739
7531
2415
3721
7406
6987
8993
8758
2643
7506
5691
2939
7400
3293
8405
5521
2656
2180
151
516
8289
417
2412
131
144
4386
6027
3785
1500
9069
2865
7797
7287
1741
1541
6526
9067
3985
9800
8151
3485
4831
7280
7479
598
143
5837
5330
3244
2818
437
6099
7005
6649
3747
9496
3233
746
9690
2166
9011
3487
6402
13
9419
10000
4456
1438
9882
4959
2607
466
5867
8704
3795
3579
8339
2712
3664
7714
8814
2289
3103
8900
2092
9630
149
2058
1288
8531
9867
5728
5874
1320
3601
2394
8306
1100
238
4905
6587
7124
724
8105
7543
5131
5635
4194
9128
3317
5636
2720
6806
3963
1526
7538
9404
3717
9254
1896
5149
8711
3718
4909
9081
7885
3305
615
7483
2624
5917
3026
9207
1807
8977
319
1835
6053
9034
8132
2156
6737
62
693
5468
8601
539
1427
6679
4531
1248
6903
7389
3145
2250
5900
7449
9409
2746
2507
455
3667
6629
6433
3414
2603
102
6463
8325
6758
2745
6189
5793
7842
2679
2015
8007
8884
9384
6358
8862
6655
6131
2973
5945
1397
3921
8844
481
7583
6679
7110
4803
6062
9906
3931
2833
8945
6938
6541
906
7831
7576
8048
7697
338
4284
1899
7429
9275
4165
5251
1393
9780
3896
1534
4058
1413
8290
4331
1509
8944
5314
4556
4440
5669
4164
9177
6243
1189
3921
9962
4527
6663
5986
1924
3784
2711
7612
253
2096
8408
9200
5974
561
2526
14
4539
4648
8382
7923
2614
7454
7522
3643
1742
6398
4960
5742
3483
7550
4724
6557
3060
1829
2433
274
2073
8916
6604
2542
9093
5543
7441
5698
3041
8756
8137
8285
6888
7019
2506
5870
6445
1479
4124
9582
75
4057
4847
7257
6503
5157
3832
3451
2043
9793
7201
3547
171
7886
9563
5999
6901
2667
748
2
7544
5137
8683
9571
7512
2192
8583
8987
2044
1965
5621
6861
1308
8178
9711
7211
8913
4741
4556
5373
9670
1961
5060
731
8552
2166
3359
2102
3980
2743
1387
7059
28
8227
9332
5835
2746
3712
5080
6705
4768
20
7805
3385
87
3917
5280
6340
4449
35
270
8053
8099
1592
889
16
2539
6042
9333
8449
5149
2986
2623
3821
8749
1260
7057
6094
4533
9127
764
2391
5364
5809
201
2193
8603
2531
9753
1825
2123
4663
8734
8579
1353
8751
2189
1085
8474
6837
5913
7517
902
4955
1172
1735
8647
3627
7342
7725
9270
2035
5982
2724
4693
4507
8227
3036
9457
7034
1232
1028
986
5600
5508
512
4891
2432
7757
1586
6311
6676
3173
9910
9471
5986
3451
3172
2634
4895
1567
3952
7233
8744
8200
7149
7618
2046
7974
630
1740
1226
9416
5775
5818
3709
3745
2413
2761
2510
2443
7052
7820
9672
6010
9911
3687
5272
6389
1025
965
979
6482
5593
6989
4715
7414
8271
8305
2974
6196
7484
4142
216
313
5730
3519
6539
1504
5665
6845
4814
1635
5374
4819
8049
7483
7752
9087
8017
9992
540
3123
1882
9267
9044
5698
1889
3683
2180
4241
5969
4726
9148
7006
5284
3821
2821
1659
4326
8458
7960
7390
7228
8120
5828
7123
1026
3290
6191
1558
6260
7076
7203
2659
4687
3180
2191
4541
6093
5608
6314
6996
6586
8886
8285
7527
8560
2583
3796
7877
7491
7627
9920
1892
3494
1423
6378
5835
9606
9631
6056
4842
3883
33
2540
9040
637
2815
62
9595
7144
1049
9896
7626
1423
4108
5054
7274
7477
2169
8152
276
8579
6306
6980
799
2157
4041
4668
1255
7982
1816
4860
4788
6733
1283
9162
4654
7135
2726
7011
8402
7673
1078
3678
9735
8633
8837
5595
8203
5529
8520
5636
4098
642
1081
1950
3916
3054
6301
4316
1138
3272
950
8735
1795
86
710
3908
7367
7794
9219
2671
3138
1953
6238
3353
1157
8215
2893
5482
4333
6862
2266
9884
4451
7023
8263
3801
8776
8929
7091
7500
7241
9221
6656
3219
610
8659
6196
248
3492
8216
5187
1781
4151
3272
9403
9134
5601
636
176
5094
2736
3893
1337
8820
2670
6896
5035
4111
8425
8176
6757
1103
7706
2653
3294
4910
9549
7874
8449
5857
8428
4856
835
603
533
6741
7064
4342
4246
4838
7090
9789
7999
686
7597
5170
7368
7989
7749
2652
6980
8557
9300
3430
1762
5975
7328
1474
6895
8121
3261
5509
4217
2812
295
8318
4269
5608
6611
1586
9520
6800
6234
2509
1510
9258
6156
9234
360
2946
2112
224
7307
360
931
4593
5088
807
7969
5559
922
2042
1326
1404
6278
5554
8055
8448
6113
1797
9933
2019
827
6236
2583
6857
6618
6554
8153
7467
3849
6154
7241
294
317
6375
3335
7304
4215
3495
5844
9083
2058
8278
8711
4440
6590
6523
1906
5587
8049
3584
7094
1780
4902
1797
494
2478
7575
4516
8274
4030
4109
7010
4596
7489
1504
6223
7997
9343
8002
9305
7148
8386
6171
9559
6167
1279
9770
2407
4983
5360
7193
7679
5964
9092
5479
4748
1067
9708
6473
7358
2372
2116
598
616
5920
1421
8355
3671
4166
3070
2383
4152
5028
8417
7417
793
9451
6596
7283
9149
7377
2975
6645
1884
2307
2928
392
6346
9831
7093
5746
9975
9510
133
1319
563
5744
6636
134
9214
406
9068
3088
5770
8058
4993
9108
230
5358
5209
1736
7830
1224
4655
6360
7351
1615
4184
290
6814
7911
6935
1409
2029
614
7873
2999
6302
3181
1762
669
873
9564
348
7581
1847
9037
5094
2674
465
7411
4820
1405
3866
9861
5464
7283
500
5056
6129
2201
399
5289
534
2529
4993
969
2579
9997
1884
7874
1997
7781
7527
9693
8294
4587
1960
1485
9118
1719
9462
9484
8675
8198
862
1174
1656
9672
4680
2189
9693
8831
9800
7694
9313
1108
2912
2280
818
5111
4049
3275
6155
7351
9116
8001
8939
2761
8019
844
5707
5420
8457
3482
2322
738
3100
8867
1630
1542
5834
4322
3796
5939
3557
2379
1158
8441
69
1576
2172
8987
4673
2894
9378
209
336
6680
4048
6234
3564
1642
2666
2478
1299
2321
2318
9526
2100
8082
718
3506
6648
7023
1792
9650
9924
6323
2665
2577
6794
5847
3512
9605
8402
5076
6849
6715
3252
7130
4230
2109
2474
9404
5589
9884
9431
7863
4815
5233
929
8592
3435
2519
7498
1277
2494
7613
2499
5473
8572
1410
9950
4592
6002
6468
6087
5225
8218
7442
3548
3471
9581
5378
7514
2798
11
6072
5296
7335
7904
9708
4567
9165
709
6045
6375
5897
7351
9081
7372
6997
9258
9753
4941
3626
1457
550
8311
8341
9115
6999
2562
5367
9130
2064
8124
8314
7981
3766
4449
5395
1742
1833
7052
9273
3199
1939
4802
1674
376
2911
8829
2601
278
8261
2560
3547
5687
1303
4925
6040
557
9176
8134
6018
1290
7456
6497
946
9046
2069
582
5736
9466
5044
6897
7459
3489
3554
4
417
3334
2677
6645
8786
855
7455
4715
3878
9282
7988
4147
3323
2299
5733
9159
8880
5004
2867
6747
6630
7749
571
4708
7721
8992
6636
468
493
261
6175
4804
7849
6415
805
3192
1679
4543
4735
7072
783
5559
29
2204
4367
1101
4590
7874
4309
1828
9872
6608
5804
3512
1099
1406
5933
3520
8348
7828
7649
2534
8199
5388
8502
8983
1007
9806
7593
5341
4256
5771
3702
7844
2832
2578
3199
714
7637
5827
1176
944
5118
1770
2718
9499
8336
9644
5119
8175
5986
7522
1515
7163
4790
5164
476
1324
7279
9871
7642
645
7714
6474
4399
627
2971
5718
767
4028
1143
8599
4836
2669
1481
6135
9606
620
680
3309
74
8607
8116
9857
2586
9334
8888
9441
6859
9494
5719
2161
5323
5368
7741
6706
3583
6411
7545
8692
2034
1542
1505
4467
2889
892
7487
4078
2921
7334
6442
6504
2708
2924
2333
9704
5983
5653
2523
1163
8077
4830
9763
2411
4251
8008
6446
97
9519
9087
3790
650
4913
895
5095
7552
3030
3264
5190
5767
5667
9171
5926
7691
4562
4191
7537
674
589
192
8852
1906
661
441
8015
1960
5723
9282
7048
4426
5246
6077
3430
9761
8541
998
8084
9887
4808
9659
8665
5434
4709
6068
6660
7346
1502
4724
9365
534
690
3865
9906
9513
5231
4019
9898
3367
8186
3419
3971
5047
2744
4449
5041
9519
600
6880
8008
7563
8037
1249
7115
9836
382
4925
3813
8252
5959
8423
2898
2651
6617
174
7554
419
4628
2571
2138
228
5556
239
5948
3308
8288
1585
4022
7655
1658
9545
5537
23
5548
9053
6347
9990
1877
8667
6704
921
8172
8955
9106
9589
2166
5854
6792
2798
6200
8381
7429
2275
1886
9636
6029
7297
8512
3191
2207
5681
7221
8445
9585
7370
2585
1794
6722
1337
8481
6306
4599
3376
3083
8789
6246
5194
3132
3194
4695
6208
7210
861
2168
9567
5634
2147
9780
555
589
4468
1566
9725
6532
1490
2160
6371
4782
2649
2451
4158
6789
7318
2498
3046
6867
8586
3597
9500
252
8217
3867
9729
5583
8131
2616
6846
9800
3850
7510
5651
4702
1219
249
4930
999
6687
7326
8869
6974
4871
6713
3910
9220
8292
3660
8486
5258
8788
4
5611
8666
1425
8237
3677
3355
9607
8288
8161
4151
5842
9148
5848
5445
7467
3094
7301
4943
7087
9533
9648
9107
4173
615
201
2817
7052
944
3096
7645
5742
9971
3192
5857
2273
2551
1528
6087
6436
3528
4430
1323
7119
7545
8046
1067
9971
1146
6836
1623
8955
4180
8045
8761
1760
7066
276
7859
7602
9892
9596
682
5803
7382
7105
165
7201
1605
6244
7612
9297
425
1810
9124
2545
6513
8073
6854
49
9958
2054
6061
3473
4721
9146
5479
7019
2913
4091
315
5195
2572
9753
8320
8574
7665
9655
6099
7284
1536
9835
7548
5986
9842
5644
9346
5949
2033
8142
7464
8619
7329
4960
9073
7939
1660
5663
626
6736
7443
9426
8452
4655
9707
5075
3193
4945
6158
1239
1803
9820
5731
9924
7646
3525
446
6215
1678
1903
9686
189
8368
9669
9050
4104
6229
7713
6717
4266
7779
4520
8538
4277
1778
2615
3035
8568
5312
8825
8969
2417
2644
3647
5197
4607
5772
9034
5960
9704
646
5588
8494
4766
6794
8287
6008
504
997
7755
7354
726
4698
5423
4094
9693
6049
4904
7316
1167
1870
1416
5479
837
1506
5887
5363
7047
4366
8651
1843
5879
5896
4200
1890
2118
6436
2607
3806
9803
7698
8110
141
3
5316
7529
9037
2816
6899
1873
3502
4770
5614
434
1839
2667
9705
3010
9969
4032
71
1260
6186
3974
1643
4293
2882
916
4452
6015
601
9179
7401
6806
518
6552
1223
3996
3413
3218
4848
3473
1992
3529
9429
9825
2076
5
1274
2383
3049
5050
4126
1583
5579
1824
450
2663
1042
3632
1968
166
3506
3421
3122
6284
2601
7281
6192
1975
7346
96
5981
1643
6598
6218
8445
680
178
1190
3626
9161
2760
4546
9877
5664
1214
4087
7085
2587
2085
4094
1877
3554
5033
3699
6518
7682
8938
7489
2240
9723
488
5110
5889
3642
5122
7944
2355
6505
1755
6578
6234
1595
5884
7162
2292
2980
7329
3329
9328
2928
2821
2530
3781
7348
7681
3920
8178
3148
1241
3412
1712
9764
2652
2244
6727
7234
6860
9340
8904
6277
9502
5372
7198
1357
4842
5815
9728
3635
7606
4108
8056
7736
529
1194
4596
2085
5141
4200
5290
8311
9311
7007
5760
3828
3331
6550
1924
169
5884
6427
9311
7376
4333
8865
8551
8228
7155
6676
6164
4078
7113
1521
767
6970
3095
660
5964
7291
129
9034
5573
1061
7598
7413
878
318
4893
838
9685
8511
237
5082
2637
1579
943
8601
4895
4796
6495
9208
9487
7121
2097
2612
776
9754
3416
111
6785
8083
9205
3759
8984
421
7134
191
1726
7217
6463
5769
2993
96
6841
1729
8894
3984
9015
7234
5213
241
6766
8495
7145
4193
4946
4124
5404
8212
564
4457
6912
3829
7867
2151
2
507
7028
108
3806
1577
2091
2263
740
7514
4902
4598
9702
7888
2348
4162
8042
9263
1172
4163
8201
9716
216
4497
8755
9356
3030
1354
6426
7444
8311
2104
102
5206
7302
1432
3915
5035
8996
6232
575
2362
2844
8390
2887
269
3364
7308
5529
1620
2430
9601
9317
37
1204
168
4601
9673
4949
7441
493
7061
2876
2607
8679
870
262
7544
648
5855
2574
5825
6014
5454
465
3217
1494
2649
6666
3120
1812
6093
7792
5645
7982
6915
8593
7632
943
6291
124
8991
2993
2125
3852
4276
8548
2556
4354
7499
6361
2528
3614
5310
2476
936
9342
4477
5649
7367
9781
7209
7565
2984
6843
5710
7309
1548
1468
6590
4279
4161
8474
9090
644
3096
8519
5660
9568
7368
8414
3109
8119
5316
8550
707
5052
9420
5046
8730
6741
8137
4848
2916
4550
6286
7565
8745
1919
2203
8462
1153
976
2522
7969
7017
9760
8306
930
2568
5149
7313
1522
9664
3867
3104
3824
2718
8556
2602
7824
1839
6576
1759
6514
6404
2485
5392
7647
67
2892
1226
7004
4637
2149
7601
4780
733
7147
4323
4153
7478
8427
1765
9564
7377
4297
1566
5027
3878
764
6085
8958
2906
3724
7666
9764
3097
5096
4924
1108
110
5306
9853
8817
7104
8444
7688
2620
7016
4017
6709
7598
8180
5134
1239
8302
2528
6277
7384
8351
8710
7526
9482
9246
9083
607
3078
177
1063
7005
7144
7802
108
6030
7547
8576
8011
3819
9710
6695
3884
2974
6657
2537
4359
7681
7451
4717
5398
2981
3903
4115
5005
2599
8304
2442
5144
9370
8101
7282
2615
2355
2495
1270
6770
6632
4915
5325
8774
3747
1194
889
1555
1633
1645
2328
4015
5665
1964
7145
8717
5471
5872
5471
4438
9097
4290
5869
7503
4588
3985
4688
7364
3880
2833
6476
3570
1868
917
1691
4120
380
4024
1043
166
9554
7417
4114
6267
6966
565
5148
1751
967
3188
8605
3547
8078
4021
8134
8132
6491
1129
6261
2058
5244
5801
745
5469
7313
1354
6955
6659
9523
5575
1483
8460
343
9241
1556
6963
1063
5881
319
9598
8326
82
542
1225
9537
4058
4305
2406
2422
4273
5910
8541
4818
6898
9188
7670
5696
8346
8937
2122
2844
6655
7954
5734
4304
5924
9738
1703
1708
6703
2924
8723
8621
2234
2749
4705
1264
3445
1487
2795
9014
1675
9189
9860
8149
2825
3008
214
3279
8372
3082
3749
1209
4578
2785
361
2510
2500
9508
3915
8172
7170
9174
9135
2528
1618
7841
5403
9457
5388
9305
2364
5778
8477
2393
9391
7395
667
4888
9532
4875
6408
3195
7541
3075
7810
4104
3865
284
2911
4446
6277
268
7189
6519
2231
2702
1245
91
6220
1154
4968
2078
8708
6971
8356
178
4163
9359
4119
7637
9020
7411
4859
1517
2905
8634
4297
6432
1616
9604
8263
8748
130
1957
3574
7109
7845
7247
169
5122
6206
1458
4483
7972
7985
3477
7284
4097
1178
1613
3741
7885
9783
7460
8777
6683
5320
513
4860
7696
1764
8021
7356
6648
5003
1594
4768
9480
8128
6975
2843
9577
6355
5600
2227
5143
141
7878
5764
6239
7950
2537
1379
2347
7412
6876
7163
1190
592
2121
6632
8824
2241
5411
1020
6975
987
5681
9809
4917
7868
9325
6800
6705
3649
7486
9957
9888
4574
3812
6052
7799
3574
175
8144
689
2453
3756
7310
3803
6699
6801
2599
8959
2322
7518
4484
2109
3067
2760
7182
1591
2381
1060
1383
1227
2040
9820
5153
2052
1729
8857
5421
437
3646
6858
564
5983
8071
4126
3238
7539
7211
8115
7669
5421
5352
5740
6620
4445
1768
8963
4286
1886
9333
3378
321
3770
2784
318
7206
565
2178
7624
1204
2338
1207
4747
6776
2761
4660
9912
2325
318
3750
1457
9665
38
5292
5501
1032
569
6239
245
6324
7346
7289
6900
105
9630
3815
6998
7183
3661
3243
3562
2531
1833
2998
4039
8085
8922
6339
819
9502
6505
6507
8942
5768
5193
8019
7616
9014
5044
9283
3539
2726
2149
3879
4533
2307
5700
4705
7352
8101
9924
3792
2340
1147
9256
1213
1079
9965
8409
9005
6988
2474
9871
195
6133
152
2637
3627
8938
3295
5375
1054
5868
918
5879
4615
2418
4783
8846
6873
4818
3635
3916
3658
7999
899
3625
2890
6090
1262
9838
7506
2245
6971
5741
2820
8293
4967
4772
9399
2273
9485
5254
786
8420
710
1302
5488
4721
3290
5215
7424
4372
7385
6778
4007
1580
1812
5934
3708
4024
2335
5575
18
3894
5150
2657
9185
1933
9902
3124
5400
70
7180
3724
4550
8921
347
1081
3801
9401
3418
8822
4985
703
1383
3675
5506
6444
6857
7896
6719
1650
9254
6278
6678
2632
7284
3079
8358
8392
169
6516
3615
9954
8010
2765
6819
3825
1862
2946
3445
5641
6424
638
7318
8644
2437
255
4608
1382
2181
979
2575
6324
1685
4552
4080
5930
7537
7845
9315
1944
7291
8874
9722
3161
6894
2319
8351
8676
4434
2641
7727
7385
4807
5270
836
1560
322
8603
4796
5818
3459
6381
5861
186
6508
7428
5389
8968
7496
1831
9811
6048
3413
8250
6528
1483
2593
4514
4394
1385
7457
2839
5390
5431
2304
219
9833
7966
2941
3856
4206
3263
3143
2438
3523
8312
934
7503
9113
1456
9981
7458
3198
7224
5556
9688
7231
3427
5746
4494
2674
4114
2599
6881
1117
2797
9866
1702
2362
6733
3062
9175
4187
3414
2138
961
4450
2200
4079
7247
2605
1714
6214
5519
8370
9824
1936
9017
1270
1901
6956
157
8439
8371
1205
2145
639
7123
3559
3862
6354
9433
4
2101
3706
7120
3785
9761
2816
7973
9938
4610
9021
5966
2858
5199
3111
1691
9827
9404
6055
3498
9065
2854
942
5957
7300
7295
6831
4077
8044
1178
6723
5563
5037
3020
5432
4071
6553
6533
2126
1788
9978
1946
7925
6474
4571
5486
7494
7450
9999
6306
518
4143
9495
9255
2488
5124
6347
2329
9085
2148
7755
5719
1729
4391
2031
2493
6555
7837
5215
4815
2978
6529
2539
3142
734
2328
495
9730
1215
1919
6092
698
9297
3094
8357
3433
5811
4692
9217
8364
678
4758
368
7414
6088
7709
4655
6762
2990
3105
1049
5019
9347
1982
3669
3368
597
8851
1825
5093
3440
8993
7479
8582
1025
1537
8312
8108
3644
4389
4034
5564
4010
5496
7407
1089
1344
4644
3802
4821
3542
6272
3462
3261
5093
5319
7443
5943
5170
1519
4694
2921
8762
8529
5805
1590
6784
2930
4500
159
7279
2517
9153
850
9902
3354
3862
2303
3099
1435
9250
9044
7518
6441
6448
2249
3506
9429
8833
7036
6196
3950
6063
3561
4417
491
7593
2018
8576
7233
855
7970
3257
4767
2412
6227
1021
8451
9929
9486
7512
1649
3344
2196
8437
3895
3036
9883
6541
9790
7122
724
1916
9034
6439
9445
6012
6605
8416
2604
2888
1420
4027
2358
919
9822
1214
3423
7601
1606
5454
8895
8754
1242
1853
9086
2302
9534
1598
588
2738
6499
3652
1595
5730
2235
4087
5053
986
3640
5921
2270
7334
6498
1899
8989
2168
7994
6382
8900
9459
3360
4069
764
2252
6668
3037
3259
2460
6327
2066
3485
3151
740
6835
1872
3625
3929
6236
1895
2992
9257
8587
1101
2222
9076
1147
2661
7366
8259
4591
5959
5674
99
4275
8030
7348
5514
5439
2111
1045
5944
2627
3655
5430
4289
8036
6986
9580
6538
8003
9078
3783
3819
3026
5890
8484
1702
2624
5091
7176
4183
408
7843
1520
4344
7134
9082
6059
6842
8381
6117
6642
5724
3252
5813
9611
4268
4149
1495
2946
2219
3195
3009
4279
9525
2236
7712
6433
9508
4965
5442
7306
5169
3359
3386
8248
9431
7384
5665
7080
8652
999
4964
271
8838
4920
858
5257
3260
9567
3972
2646
9712
6210
6627
7576
6024
6104
8883
5575
950
1155
8492
7022
3410
9739
2031
9366
1476
7178
645
6500
7727
499
1569
7093
2430
2844
4027
3817
2770
315
4916
3750
3166
4505
6417
6379
9834
4529
9872
8489
2683
195
6006
5416
7515
4805
7132
4933
1085
9644
4826
7073
4370
7894
2783
4697
6292
1283
32
5290
3661
6752
5710
7003
6153
7588
5965
9422
6909
1358
1725
8456
4243
8635
839
5552
5698
8528
5405
2709
5430
768
3173
7
9879
6717
4256
2374
6531
1762
881
9490
7334
8860
2748
6537
9941
4741
1097
9855
3441
9729
462
3104
1798
5141
9317
7015
3421
7363
7309
4403
4610
8081
6155
2586
2563
7827
9743
8403
1156
5049
8584
4403
3979
5961
7105
9488
8671
7245
1200
9584
1724
1348
3994
3719
3875
2724
183
6804
1972
7970
8383
8689
570
8888
7972
2142
5081
2009
5528
1612
4109
3331
5093
5124
3708
124
8016
7048
1819
1831
8261
1075
7167
4704
3224
5763
451
5121
3774
2979
7932
3966
6247
6492
4735
4166
5846
4915
1850
1971
7016
7501
7000
4182
890
2417
3690
1499
7550
7804
5235
5971
7128
8376
4771
6894
8254
3770
9682
1138
3454
8704
2043
5025
6104
7849
2487
8759
9722
9114
9301
1205
8205
1648
4657
2864
2555
4019
6716
5921
1821
8876
8651
8858
7007
4965
5006
2064
7503
8620
1608
5350
6660
8267
4274
7220
893
7993
1402
6948
5359
9263
2798
3372
6017
6773
7443
8652
6207
5997
6966
7299
9586
47
6523
826
651
5098
9766
3049
5145
206
213
6331
8058
5446
9956
6967
4251
1429
5192
4532
9046
8464
6875
4188
4666
9141
4064
475
6068
6233
1018
5403
1332
7418
5086
6308
5860
17
3067
3911
7750
8165
1230
2877
5337
3758
5153
7881
8390
7785
647
9608
3307
5041
8415
9021
5081
8
1488
2149
7361
8115
183
5860
5289
1109
2191
4615
7344
9833
6705
73
7692
5063
8852
4557
2803
9727
958
1666
7644
1951
5069
6456
7434
4146
7677
5604
5875
283
4827
5459
5106
1321
1228
3602
3462
6952
7053
7080
9025
8159
7055
5370
2521
1729
5319
4749
5531
4815
3386
3321
8186
8790
495
2975
1333
5286
5436
6793
7367
4028
1666
6448
8942
3990
2522
7110
1791
8740
866
989
5727
7124
5369
9633
3357
4945
4113
2469
2828
1608
6260
8144
9251
6304
5176
8129
1841
660
4951
369
5601
2056
6792
3477
7106
3788
6952
6538
2869
1627
2409
8286
3793
3895
9664
833
2202
1623
7087
1672
6416
7009
7170
1687
2097
3495
1956
8826
6675
4292
9608
175
89
5796
7827
6783
404
720
3237
4072
376
5420
8761
6755
887
5525
9979
9316
4638
9411
9029
5329
2718
8922
6395
9023
1866
6743
4454
7889
8876
1588
6867
9796
1081
1027
6662
7102
9631
1696
2308
8650
